
redir <- "/Users/florale/Library/CloudStorage/OneDrive-Personal/github/projects/ukbiobank/"
outputdir <- "/Users/florale/Library/CloudStorage/OneDrive-Personal/monash/projects/ukbiobank/ukb-24h-mh/output/"

pal_type <- c("#4E2F26",
              "#944C4C", "#d65b5a", "#efcbcb", "#dfa398", "#9c6755", "#ea967c", "#f5c98e", 
              "#EAD3BF",
              "#8DA290", "#4F7375", "#8CAACB", "#4682b4", "#3b3960", "#717497",
              "#666666" 
)
pal_time <- c("#B49797", "#8AAFCA", "#456691")
pal_time <- c("#EAD3BF", "#8AAFCA", "#ba6c6e")
pal_time <- c("#EAD3BF", "#B49797", "#708885")
pal_time <- c("#EAD3BF", "#B49797", "#708885", "#EAD3BF", "#B49797", "#708885", "#EAD3BF", "#B49797", "#708885", "#EAD3BF", "#B49797", "#708885", "#EAD3BF", "#B49797", "#708885")
fcol <- c("#FAF7F3", "#999999", "#ADC7DA", "#3C5C76", "#D2E0EA", "#CE7870")

